MissionId,WindowStart,WindowEnd
MISSION-ANHEUNG-01,TODO,TODO
